528
527
528
527
528
527
528
527
528
527
528
527
528
527
526
500
496
495
497
522
526
525
526
527
528
525
470
405
339
275
209
169
163
162
159
157
156
157
158
159
163
225
291
358
424
490
527
526
525
527
539
560
753
958
1162
1381
1562
1738
1736
1772
1789
1826
1833
1830
1814
1785
1803
1786
1813
1836
1832
1827
1832
1816
1820
1826
1845
1881
1863
1827
1844
1821
1789
1771
1781
1782
1777
1766
1757
1745
1752
1758
1760
1753
1791
1799
1808
1815
1828
1823
1807
1815
1824
1822
1812
1823
1806
1809
1818
1812
1809
1804
1776
1788
1756
1749
1767
1768
1766
1746
1758
1782
1765
1776
1780
1771
1787
1777
1776
1788
1773
1765
1768
1750
1755
1743
1733
1739
1731
1732
1737
1726
1732
1722
1720
1721
1711
1714
1707
1685
1687
1673
1687
1683
1665
1676
1688
1671
1675
1674
1682
1693
1686
1685
1701
1714
1719
1721
1717
1725
1715
1717
1724
1708
1720
1714
1718
1719
1711
1714
1707
1699
1705
1700
1716
1723
1718
1728
1722
1720
1731
1725
1742
1728
1723
1721
1736
1727
1733
1736
1740
1743
1730
1741
1744
1749
1756
1750
1749
1757
1750
1747
1732
1742
1746
1741
1747
1745
1734
1731
1725
1731
1729
1720
1721
1715
1714
1698
1694
1700
1701
1696
1694
1688
1700
1697
1688
1709
1714
1738
1725
1743
1752
1757
1763
1762
1765
1767
1765
1766
1782
1783
1782
1801
1819
1822
1819
1844
1845
1840
1846
1841
1843
1850
1835
1833
1812
1799
1785
1783
1772
1770
1784
1797
1801
1790
1798
1786
1781
1794
1795
1780
1755
1750
1766
1757
1754
1746
1704
1662
1622
1580
1553
1503
1464
1429
1381
1342
1295
1262
1204
1151
1099
1060
1020
977
937
882
847
803
760
731
657
623
578
557
554
550
548
546
544
543
542
541
540
539
538
537
536
535
534
533
532
531
530
529
528
527
528
527
528
527
528
527
528
527
528
529
528
529
528
529
528
529
528
527
528
529
528
529
528
529
528
529
528
527
528
527
528
527
528
529
528
529
526
519
505
496
485
482
485
492
507
515
526
529
528
527
528
527
528
527
528
527
528
527
528
527
526
527
528
527
528
529
530
529
